8 16
2 2 2 1 1 2 4 2
2 15 11 6 4 8 5 0 7 14 3 12 1 10 13 9
8 7 14 13 5 6 11 0 9 1 12 15 10 2 3 4
3 11 14 9 8 1 5 6 13 12 2 15 7 0 10 4
4 5 2 15 6 3 11 8 7 14 1 10 13 9 12 0
5 1 9 10 0 4 6 11 12 13 8 7 2 14 15 3
5 11 10 4 8 13 7 6 9 2 14 1 12 0 15 3
9 10 5 1 15 0 12 14 11 3 4 13 6 7 2 8
1 6 9 4 10 11 7 3 8 12 0 2 15 5 13 14
1 2 0 7 3 4 5 6
2 6 1 3 5 4 0 7
7 0 6 1 5 2 4 3
4 7 1 6 2 5 3 0
5 7 2 3 0 1 6 4
3 2 4 6 5 7 1 0
7 3 1 4 5 0 6 2
6 2 3 1 4 5 7 0
5 3 1 2 4 0 7 6
0 6 7 3 1 4 5 2
5 7 0 6 2 3 1 4
5 0 1 7 4 3 2 6
7 1 3 4 0 5 6 2
3 2 4 1 6 7 5 0
6 1 0 4 2 7 5 3
5 4 2 3 1 6 0 7